Webots Project File version 8.4.0
perspectives: 000000ff00000000fd000000020000000100000158000001b8fc0200000001fb0000001400540065007800740045006400690074006f00720100000015000001b80000009d00ffffff0000000300000556000000dafc0100000001fb0000000e0043006f006e0073006f006c00650100000000000005560000005400ffffff000003f8000001b800000001000000020000000100000008fc00000000
simulationViewPerspectives: 000000ff0000000100000002000001760000027c0100000006010000000100
sceneTreePerspectives: 000000ff0000000100000002000000c00000006c0100000006010000000200
minimizedPerspectives: 
maximizedDockId: -1
centralWidgetVisible: 1
orthographicViewHeight: 0.945425
textFiles: 2 "controllers/charger_controller/charger_controller.c" "controllers/robot_controller/robot_controller.c" "controllers/advanced_genetic_algorithm_supervisor/advanced_genetic_algorithm_supervisor.c"
renderingDevicePerspectives: 82;1;0.25;0.0408805;0.0351562
renderingDevicePerspectives: 314;1;12.5;0.0408805;0.0214844
