Webots Project File version 8.4.0
perspectives: 000000ff00000000fd00000002000000010000024e00000366fc0200000001fb0000001400540065007800740045006400690074006f00720100000015000003660000009d00ffffff000000030000074100000104fc0100000001fb0000000e0043006f006e0073006f006c00650100000000000007410000005400ffffff000004ed0000036600000001000000020000000100000008fc00000000
simulationViewPerspectives: 000000ff00000001000000020000016d000002710100000006010000000100
sceneTreePerspectives: 000000ff0000000100000002000000c00000006c0100000006010000000200
minimizedPerspectives: 
maximizedDockId: -1
centralWidgetVisible: 1
orthographicViewHeight: 0.945425
textFiles: 3 "controllers/charger_controller/charger_controller.c" "controllers/robot_controller/robot_controller.c" "controllers/xxx/xxx.c" "controllers/advanced_genetic_algorithm_supervisor/advanced_genetic_algorithm_supervisor.c"
renderingDevicePerspectives: 79;1;1;0.136856;0.0626536
renderingDevicePerspectives: 311;1;1;0.0392954;0.0313268
