Webots Project File version 8.4.0
perspectives: 000000ff00000000fd0000000200000001000002e60000029bfc0200000001fb0000001400540065007800740045006400690074006f007201000000150000029b0000009d00ffffff0000000300000740000001cffc0100000001fb0000000e0043006f006e0073006f006c00650100000000000007400000005400ffffff000004540000029b00000001000000020000000100000008fc00000000
simulationViewPerspectives: 000000ff00000001000000020000016d000002710100000006010000000100
sceneTreePerspectives: 000000ff0000000100000002000000c00000006c0100000006010000000200
minimizedPerspectives: 
maximizedDockId: -1
centralWidgetVisible: 1
orthographicViewHeight: 0.945425
textFiles: 1 "controllers/charger_controller/charger_controller.c" "controllers/robot_controller/robot_controller.c" "controllers/advanced_genetic_algorithm_supervisor/advanced_genetic_algorithm_supervisor.c"
renderingDevicePerspectives: 82;1;1;0.137042;0.0834697
renderingDevicePerspectives: 314;1;77;0.354138;0.0646481
