Webots Project File version 8.4.0
perspectives: 000000ff00000000fd00000002000000010000022d00000308fc0200000001fb0000001400540065007800740045006400690074006f00720100000015000003080000009d00ffffff0000000300000780000000c2fc0100000001fb0000000e0043006f006e0073006f006c00650100000000000007800000005400ffffff0000054d0000030800000001000000020000000100000008fc00000000
simulationViewPerspectives: 000000ff00000001000000020000013b000001cb0100000006010000000100
sceneTreePerspectives: 000000ff0000000100000002000000c00000006c0100000006010000000200
minimizedPerspectives: 
maximizedDockId: -1
centralWidgetVisible: 1
orthographicViewHeight: 1.3842
textFiles: 3 "controllers/robot_controller/robot_controller.c" "controllers/advanced_genetic_algorithm_supervisor/advanced_genetic_algorithm_supervisor.c" "controllers/charger_controller/charger_controller.c" "controllers/basic_epuck/basic_epuck.c"
renderingDevicePerspectives: 399;0;0.49;0.35947;0.0354167
renderingDevicePerspectives: 311;1;3.30769;0.089613;0.195139
renderingDevicePerspectives: 631;1;71.75;0.151222;0.0512153
