Webots Project File version 8.4.0
perspectives: 000000ff00000000fd0000000200000001000001ee000002e9fc0200000001fb0000001400540065007800740045006400690074006f00720100000015000002e90000009d00ffffff000000030000074000000181fc0100000001fb0000000e0043006f006e0073006f006c00650100000000000007400000005400ffffff0000054c000002e900000001000000020000000100000008fc00000000
simulationViewPerspectives: 000000ff00000001000000020000013b000001cb0100000006010000000100
sceneTreePerspectives: 000000ff0000000100000002000000c00000006c0100000006010000000200
minimizedPerspectives: 
maximizedDockId: -1
centralWidgetVisible: 1
orthographicViewHeight: 1.3842
textFiles: 0 "controllers/robot_controller/robot_controller.c" "controllers/advanced_genetic_algorithm_supervisor/advanced_genetic_algorithm_supervisor.c" "controllers/charger_controller/charger_controller.c"
renderingDevicePerspectives: 314;1;75;0.2;0.142961
renderingDevicePerspectives: 82;1;0.49;0.409662;0.119739
