Webots Project File version 8.4.0
perspectives: 000000ff00000000fd0000000200000001000002e60000020cfc0200000001fb0000001400540065007800740045006400690074006f007201000000150000020c0000009d00ffffff00000003000007410000025efc0100000001fb0000000e0043006f006e0073006f006c00650100000000000007410000005400ffffff000004550000020c00000001000000020000000100000008fc00000000
simulationViewPerspectives: 000000ff00000001000000020000016d000002710100000006010000000100
sceneTreePerspectives: 000000ff0000000100000002000000c00000006c0100000006010000000200
minimizedPerspectives: 
maximizedDockId: -1
centralWidgetVisible: 1
orthographicViewHeight: 0.945425
textFiles: 1 "controllers/charger_controller/charger_controller.c" "controllers/robot_controller/robot_controller.c" "controllers/advanced_genetic_algorithm_supervisor/advanced_genetic_algorithm_supervisor.c"
renderingDevicePerspectives: 82;1;1;0.299458;0.217949
renderingDevicePerspectives: 314;1;77;0.753388;0.831197
