Webots Project File version 8.4.0
perspectives: 000000ff00000000fd0000000200000001000001ee000002e0fc0200000001fb0000001400540065007800740045006400690074006f00720100000015000002e00000009d00ffffff0000000300000500000000dafc0100000001fb0000000e0043006f006e0073006f006c00650100000000000005000000005400ffffff0000030c000002e000000001000000020000000100000008fc00000000
simulationViewPerspectives: 000000ff00000001000000020000013b000001cb0100000006010000000100
sceneTreePerspectives: 000000ff0000000100000002000000c00000006c0100000006010000000200
minimizedPerspectives: 
maximizedDockId: -1
centralWidgetVisible: 1
orthographicViewHeight: 1.3842
textFiles: 1 "controllers/robot_controller/robot_controller.c" "controllers/advanced_genetic_algorithm_supervisor/advanced_genetic_algorithm_supervisor.c"
renderingDevicePerspectives: 314;1;75;0.328976;0.0566176
renderingDevicePerspectives: 82;1;0.49;0.803922;0.0625
